70 102 1 1 2
0 1 54
1 3 64
2 4 50
2 6 56
3 6 57
4 7 65
4 8 61
5 6 53
6 7 54
7 8 51
7 11 57
8 11 54
9 11 69
10 13 58
11 13 57
11 14 59
12 15 64
13 14 69
14 16 69
15 18 57
16 17 54
16 20 50
17 19 62
17 20 65
18 19 51
18 21 68
19 23 53
20 22 68
21 22 67
22 23 67
22 25 52
23 25 69
23 27 58
24 27 55
25 26 55
25 29 68
26 29 57
27 30 62
28 31 68
28 32 57
29 32 67
30 32 68
31 34 68
32 33 61
33 35 67
33 37 60
34 36 60
35 39 63
36 38 63
36 39 66
37 41 56
38 39 63
39 43 59
40 43 62
40 44 57
41 43 56
42 45 57
42 46 54
43 44 58
44 48 59
45 48 58
45 49 57
46 48 54
47 49 69
47 51 51
48 50 51
48 51 51
49 53 64
50 51 67
50 53 61
51 54 50
52 55 59
52 56 57
53 55 57
53 57 61
54 57 69
54 58 60
55 56 55
55 58 55
56 57 57
56 60 67
57 61 56
58 59 62
58 62 51
59 60 65
59 63 58
60 63 66
60 64 57
61 63 50
61 64 52
62 65 52
62 66 60
63 65 56
63 66 59
64 65 60
64 66 60
65 69 63
66 68 56
66 69 54
67 68 63
67 69 62
68 69 62
